5.854988098144531250e-02 1.562190055847167969e-02 5.964398384094238281e-02 8.949041366577148438e-03 7.737183570861816406e-02 2.425599098205566406e-02 1.007280349731445312e-01 2.634000778198242188e-02 4.921793937683105469e-02 4.838585853576660156e-02 2.651286125183105469e-02 8.881092071533203125e-03 1.755213737487792969e-02 4.475116729736328125e-03 2.264180183410644531e-01 8.281946182250976562e-03 4.835081100463867188e-02 4.858899116516113281e-02 4.482984542846679688e-03 2.149796485900878906e-02
4.502010345458984375e-02 2.784249782562255859e-01 1.075789928436279297e-01 5.555796623229980469e-02 1.474559307098388672e-01 2.035498619079589844e-02 2.901051044464111328e-01 2.505493164062500000e-02 1.762390136718750000e-02 1.161384582519531250e-02 1.520597934722900391e-01 1.117210388183593750e-01 6.814098358154296875e-02 3.948571681976318359e-01 2.837049961090087891e-01 2.380869388580322266e-01 4.937887191772460938e-03 2.156996726989746094e-02 1.884868144989013672e-01 5.252885818481445312e-02
2.070398330688476562e-01 2.790498733520507812e-02 5.994009971618652344e-02 9.897208213806152344e-02 5.156707763671875000e-02 8.090591430664062500e-02 1.795005798339843750e-02 6.476712226867675781e-02 3.174901008605957031e-02 1.969814300537109375e-02 1.398591995239257812e-01 4.116702079772949219e-02 7.721185684204101562e-02 1.403360366821289062e-01 1.232504844665527344e-02 5.986499786376953125e-02 8.095026016235351562e-03 2.743387222290039062e-02 1.626086235046386719e-02 1.254489421844482422e-01
2.105498313903808594e-02 5.012035369873046875e-03 5.641102790832519531e-02 8.478021621704101562e-02 1.361470222473144531e-01 4.621982574462890625e-03 1.571798324584960938e-02 1.044940948486328125e-01 5.701088905334472656e-02 4.458904266357421875e-03 1.296615600585937500e-02 8.241200447082519531e-02 2.139592170715332031e-02 9.031057357788085938e-03 8.425712585449218750e-02 1.906895637512207031e-02 1.473560333251953125e-01 3.294897079467773438e-02 3.054094314575195312e-02 7.614707946777343750e-02
1.820588111877441406e-02 2.735686302185058594e-02 8.287906646728515625e-03 3.433394432067871094e-02 9.864091873168945312e-03 1.640987396240234375e-02 4.128932952880859375e-03 9.220838546752929688e-03 2.040982246398925781e-02 1.422405242919921875e-02 8.052110671997070312e-03 4.565000534057617188e-03 3.339791297912597656e-02 1.459288597106933594e-02 2.169513702392578125e-02 8.796930313110351562e-03 1.302099227905273438e-02 1.896715164184570312e-02 8.479118347167968750e-03 4.498004913330078125e-02
3.000097799301147461e+01 3.000748491287231445e+01 2.173798394203186035e+01 3.000415110588073730e+01 7.855950832366943359e+00 3.000669193267822266e+01 2.359700894355773926e+01 3.000936603546142578e+01 3.000598692893981934e+01 3.000284409523010254e+01 3.000890493392944336e+01 1.859772706031799316e+01 3.000075411796569824e+01 2.490650892257690430e+00 2.513730597496032715e+01 2.683806419372558594e-02 1.634212017059326172e+00 1.215685009956359863e+01 3.000180506706237793e+01 3.000099110603332520e+01
1.434777021408081055e+00 3.000056099891662598e+01 3.000408983230590820e+01 3.000835394859313965e+01 4.233389139175415039e+00 3.646667957305908203e+00 2.538893985748291016e+01 3.000561404228210449e+01 3.000557518005371094e+01 1.671375298500061035e+01 4.306350946426391602e+00 7.234997034072875977e+00 1.626189994812011719e+01 1.310821056365966797e+00 3.000847721099853516e+01 1.724174976348876953e+00 1.962049508094787598e+01 1.450520682334899902e+01 9.430970907211303711e+00 2.348381614685058594e+01
1.241890501976013184e+01 1.099286079406738281e+00 1.014876985549926758e+01 1.944732189178466797e+00 6.364582061767578125e+00 4.712898731231689453e-01 2.735338926315307617e+00 2.732167291641235352e+01 3.559984922409057617e+00 2.121502399444580078e+01 3.685901165008544922e-01 1.152767610549926758e+01 1.185982584953308105e+01 3.913359642028808594e-01 3.000120496749877930e+01 2.060653924942016602e+00 9.722220897674560547e-01 7.171406984329223633e+00 4.180373907089233398e+00 4.237361907958984375e+00
3.827012062072753906e+00 1.137833118438720703e+00 3.669242858886718750e+00 3.239811897277832031e+00 5.440351009368896484e+00 2.231669902801513672e+00 7.157991170883178711e+00 8.555171489715576172e-01 6.102709770202636719e-01 5.782953977584838867e+00 6.148424863815307617e+00 1.098101139068603516e-01 4.948901176452636719e+00 3.379945993423461914e+00 6.355910301208496094e-01 5.616199970245361328e-01 1.095319986343383789e+00 3.484030008316040039e+00 2.873953819274902344e+00 9.621729850769042969e+00
3.001223707199096680e+01 3.000458192825317383e+01 3.000600504875183105e+01 3.000525999069213867e+01 3.000338411331176758e+01 3.000299119949340820e+01 3.000202608108520508e+01 3.003826785087585449e+01 3.528927087783813477e+00 3.000331497192382812e+01 2.952861499786376953e+01 3.000794219970703125e+01 3.001494097709655762e+01 3.001124715805053711e+01 3.001230406761169434e+01 3.001546001434326172e+01 3.000289011001586914e+01 3.000221300125122070e+01 3.000626897811889648e+01 3.000688505172729492e+01
2.997125101089477539e+01 3.000582504272460938e+01 2.816231989860534668e+01 3.001072883605957031e+01 1.601100182533264160e+01 3.000692200660705566e+01 3.000283598899841309e+01 3.001290297508239746e+01 3.001218080520629883e+01 3.000466394424438477e+01 3.001229095458984375e+01 3.001150512695312500e+01 1.548375105857849121e+01 3.000518393516540527e+01 3.000408411026000977e+01 3.000088191032409668e+01 3.001141500473022461e+01 3.000628185272216797e+01 3.000198698043823242e+01 1.584101796150207520e+01
3.001704502105712891e+01 3.000294589996337891e+01 3.000278902053833008e+01 3.000843310356140137e+01 3.000782394409179688e+01 3.000090003013610840e+01 3.000130605697631836e+01 3.000695586204528809e+01 4.220895051956176758e+00 3.000068616867065430e+01 3.000794196128845215e+01 3.000156092643737793e+01 2.565032196044921875e+01 3.000322103500366211e+01 1.525003099441528320e+01 3.000904679298400879e+01 3.000271797180175781e+01 3.000327992439270020e+01 3.000191617012023926e+01 3.000105214118957520e+01
3.001606488227844238e+01 3.001778602600097656e+01 3.001712489128112793e+01 3.001703786849975586e+01 3.001469302177429199e+01 3.000854492187500000e+01 3.000383400917053223e+01 3.001817107200622559e+01 3.001426887512207031e+01 3.000502300262451172e+01 3.000147914886474609e+01 3.001489281654357910e+01 3.001982212066650391e+01 3.001756501197814941e+01 3.001798200607299805e+01 3.000845599174499512e+01 3.000612998008728027e+01 3.001099300384521484e+01 3.000263905525207520e+01 3.001641893386840820e+01
3.015734004974365234e+01 3.004267191886901855e+01 3.063780188560485840e+01 3.010555982589721680e+01 3.036224293708801270e+01 3.027378916740417480e+01 3.017335009574890137e+01 3.028804898262023926e+01 3.052525615692138672e+01 3.019389700889587402e+01 3.003202199935913086e+01 3.000937294960021973e+01 3.058548092842102051e+01 3.059727001190185547e+01 3.051007199287414551e+01 3.051767110824584961e+01 3.056228899955749512e+01 3.034766101837158203e+01 3.038167500495910645e+01 3.001807308197021484e+01
