6.433963775634765625e-03 5.486106872558593750e-02 8.989095687866210938e-03 1.524305343627929688e-02 8.891820907592773438e-03 1.388621330261230469e-02 7.898092269897460938e-03 8.964991569519042969e-02 4.697179794311523438e-02 2.998828887939453125e-03 7.701706886291503906e-02 4.265069961547851562e-03 4.234075546264648438e-03 7.355928421020507812e-03 3.524494171142578125e-02 8.042597770690917969e-02 3.427696228027343750e-02 4.079914093017578125e-02 7.132697105407714844e-02 2.733492851257324219e-02
6.151430606842041016e-01 7.704591751098632812e-02 5.248670578002929688e-01 4.111504554748535156e-02 3.561782836914062500e-02 8.431005477905273438e-02 2.490270137786865234e-01 2.005348205566406250e-01 1.047730445861816406e-01 1.503579616546630859e-01 3.810501098632812500e-02 1.354908943176269531e-02 2.346179485321044922e-01 1.472902297973632812e-02 2.406549453735351562e-01 7.342386245727539062e-02 5.228614807128906250e-02 7.771010398864746094e-01 4.022469520568847656e-01 1.072020530700683594e-01
4.209995269775390625e-02 2.024261951446533203e-01 1.307570934295654297e-01 3.878080844879150391e-01 3.980207443237304688e-02 2.568912506103515625e-02 2.801609039306640625e-01 6.384110450744628906e-02 2.125597000122070312e-02 1.505899429321289062e-02 2.181990146636962891e-01 1.216108798980712891e-01 2.317850589752197266e-01 2.598230838775634766e-01 2.250289916992187500e-02 1.553740501403808594e-01 6.541967391967773438e-03 1.170587539672851562e-02 1.196980476379394531e-02 7.559180259704589844e-02
3.345417976379394531e-02 5.920171737670898438e-03 1.659011840820312500e-02 4.043102264404296875e-02 1.714396476745605469e-02 6.268000602722167969e-02 2.759099006652832031e-02 7.195949554443359375e-03 5.061388015747070312e-02 3.687858581542968750e-03 2.521991729736328125e-03 1.891994476318359375e-02 2.499103546142578125e-03 5.595707893371582031e-02 3.509402275085449219e-02 2.704620361328125000e-02 1.728489398956298828e-01 4.083156585693359375e-03 7.967948913574218750e-03 7.727146148681640625e-03
2.686977386474609375e-03 2.058982849121093750e-03 8.602857589721679688e-03 1.051592826843261719e-02 1.056098937988281250e-02 6.606817245483398438e-03 4.127025604248046875e-03 2.451896667480468750e-03 2.660989761352539062e-03 3.611087799072265625e-03 3.087997436523437500e-02 2.241706848144531250e-02 1.608490943908691406e-02 1.168894767761230469e-02 5.946159362792968750e-03 1.807403564453125000e-02 1.272702217102050781e-02 1.444005966186523438e-02 3.069305419921875000e-02 6.046056747436523438e-03
3.000432491302490234e+01 3.000210285186767578e+01 7.698141813278198242e+00 3.000171804428100586e+01 3.000190186500549316e+01 3.000218796730041504e+01 4.291794061660766602e+00 3.000155806541442871e+01 3.000179982185363770e+01 3.000481796264648438e+01 3.000373411178588867e+01 4.176661014556884766e+00 3.000155711174011230e+01 3.000288295745849609e+01 3.000182080268859863e+01 3.000256896018981934e+01 3.000238299369812012e+01 3.000475215911865234e+01 3.000141000747680664e+01 3.000446105003356934e+01
3.000361013412475586e+01 4.250411987304687500e+00 1.914926290512084961e+01 1.604348182678222656e+01 8.242621898651123047e+00 3.000325489044189453e+01 2.220056700706481934e+01 3.000231313705444336e+01 3.000168800354003906e+01 3.000109791755676270e+01 3.000050902366638184e+01 3.000207805633544922e+01 3.000211000442504883e+01 3.000059294700622559e+01 3.000115203857421875e+01 3.000115513801574707e+01 3.000494313240051270e+01 1.251442909240722656e+00 1.795787787437438965e+01 1.422747492790222168e+01
3.000189805030822754e+01 3.000132608413696289e+01 3.000472092628479004e+01 1.253378391265869141e+01 3.000316405296325684e+01 2.824450492858886719e+01 4.250810146331787109e-01 3.000080990791320801e+01 6.912698745727539062e-01 1.053757619857788086e+01 2.600571799278259277e+01 3.921972990036010742e+00 2.273604202270507812e+01 7.169206857681274414e+00 2.412972927093505859e+00 2.803915977478027344e+00 3.000104093551635742e+01 6.928134918212890625e+00 1.225114202499389648e+01 2.423310279846191406e-01
3.000215005874633789e+01 6.236797094345092773e+00 3.000099897384643555e+01 1.370763063430786133e+00 7.989941120147705078e+00 4.693834066390991211e+00 4.102411270141601562e-01 9.317275047302246094e+00 3.154402971267700195e+00 3.000279998779296875e+01 1.840142965316772461e+00 3.000331807136535645e+01 3.000327897071838379e+01 2.706749200820922852e+00 1.827618598937988281e+01 3.207515001296997070e+00 2.630009913444519043e+01 3.470182895660400391e+00 1.202013015747070312e+00 1.147840595245361328e+01
3.000734090805053711e+01 3.000131201744079590e+01 3.000645709037780762e+01 3.000988411903381348e+01 3.000080800056457520e+01 3.000397109985351562e+01 3.000197792053222656e+01 3.000444102287292480e+01 3.000130915641784668e+01 3.000070810317993164e+01 3.000742793083190918e+01 3.000365304946899414e+01 3.000514006614685059e+01 3.000348496437072754e+01 3.000513100624084473e+01 3.000638604164123535e+01 3.000357794761657715e+01 3.000662398338317871e+01 3.000234580039978027e+01 3.000962901115417480e+01
1.197722601890563965e+01 3.000395178794860840e+01 3.000312805175781250e+01 3.000288796424865723e+01 4.337790966033935547e+00 3.000337696075439453e+01 3.000873804092407227e+01 3.000202488899230957e+01 3.000393891334533691e+01 3.000465393066406250e+01 3.000297904014587402e+01 3.000604605674743652e+01 3.000292110443115234e+01 3.000644087791442871e+01 3.000190281867980957e+01 3.000625491142272949e+01 3.000415110588073730e+01 3.000644302368164062e+01 3.000491881370544434e+01 7.098159790039062500e+00
3.000224089622497559e+01 3.000605702400207520e+01 3.000493693351745605e+01 3.000523900985717773e+01 3.000140595436096191e+01 3.000415015220642090e+01 3.000263810157775879e+01 3.000635290145874023e+01 3.000132012367248535e+01 3.000146603584289551e+01 3.000671911239624023e+01 3.000571703910827637e+01 3.000094008445739746e+01 3.000222706794738770e+01 3.000193405151367188e+01 3.000322890281677246e+01 3.000334787368774414e+01 3.000311493873596191e+01 3.000408816337585449e+01 3.000219511985778809e+01
3.000185990333557129e+01 3.000614786148071289e+01 3.000412988662719727e+01 3.000898194313049316e+01 3.000416898727416992e+01 3.000258922576904297e+01 3.000067901611328125e+01 3.000784897804260254e+01 3.000653004646301270e+01 3.000708699226379395e+01 3.000447797775268555e+01 3.000221991539001465e+01 3.000626492500305176e+01 3.000877285003662109e+01 3.000512099266052246e+01 3.000758409500122070e+01 3.000635695457458496e+01 3.000387001037597656e+01 3.000997495651245117e+01 3.000499987602233887e+01
3.027472496032714844e+01 3.013313889503479004e+01 3.021413993835449219e+01 3.028153800964355469e+01 3.007379698753356934e+01 3.016839909553527832e+01 3.006548595428466797e+01 3.016861009597778320e+01 3.026539802551269531e+01 3.022054195404052734e+01 3.011377000808715820e+01 3.000358390808105469e+01 3.021166515350341797e+01 3.023949193954467773e+01 3.020623302459716797e+01 3.014173078536987305e+01 3.015643286705017090e+01 3.024001598358154297e+01 3.005660605430603027e+01 3.026267099380493164e+01
